#Matrix 7000

##sem paralelização:
Tempo da diagonal:
0,09494
0,10402
0,05891
0,07802
0,07097
0,04496
0,14928
0,07102
0,05502
0,05405

Tempo abaixo da diagonal:
184,96097
185,66499
185,77920
185,98708
185,77273
186,42862
185,80879
186,00796
185,98170
186,05106

Tempo total:
185,05591
185,76901
185,83911
186,06510
185,84370
186,48357
185,95906
186,07898
186,03671
186,10610

-----------------------------------------------------------
##sem modificações:
###2 threads:
Tempo da diagonal:
0,07199
0,05398
0,08524
0,09398
0,09050
0,02598
0,06597
0,10299
0,10108
0,12897

Tempo da paralelizacao:
99,53658
105,92555
108,52664
109,68303
109,26450
109,22377
108,34931
109,84513
110,72665
110,15228

Tempo total:
99,60856
105,97953
108,61187
109,77801
109,35500
109,25975
108,41528
109,94812
110,82773
110,28126
----------------------------------
###3 threads:
Tempo da diagonal:
0,06196
0,08711
0,10299
0,13285
0,04240
0,14516
0,06136
0,11691
0,06398
0,07688

Tempo da paralelizacao:
112,09646
115,10896
121,44205
122,79440
123,42723
123,29102
122,73657
123,32436
123,36761
123,28124

Tempo total:
112,15841
115,19607
121,54504
122,93726
123,46963
123,43618
122,79793
123,45126
123,43160
123,35812

----------------------------------
###4 threads:
Tempo da diagonal:
0,10399
0,11199
0,05930
0,14497
0,05389
0,08451
0,07623
0,10630
0,15025
0,09200

Tempo da paralelizacao:
93,43017
98,39278
98,93611
100,34995
100,31784
101,01705
101,96445
102,23747
102,16404
102,86945

Tempo total:
93,54416
98,50478
98,99542
100,49492
100,37174
101,11156
102,04068
102,35377
102,31429
102,97245
----------------------------------------------------------------
##com reduction:
###2 threads:
Tempo da diagonal:
0,56306
0,45406
0,35625
0,47806
0,42827
0,48274
0,51544
0,46876
0,54441
0,39443

Tempo da paralelizacao:
104,91504
109,21403
110,68813
111,70587
112,30968
113,33955
113,83281
113,80410
113,29897
113,98859

Tempo total:
105,48810
109,66809
111,04438
112,18393
112,73795
113,82229
114,34825
114,27286
113,84339
114,39302
----------------------------------
###3 threads:
Tempo da diagonal:
0,50700
0,57423
0,54017
0,54791
0,51296
0,55671
0,61393
0,57447
0,46626
0,52533

Tempo da paralelizacao:
123,19914
128,64005
130,59836
130,63645
130,99021
130,59310
133,68486
130,64865
130,73712
130,58955

Tempo total:
123,70614
129,21428
131,13853
131,18436
131,50317
131,14981
134,29879
131,22312
131,21338
131,11487
----------------------
###4 threads:
Tempo da diagonal:
0,66693
0,75991
0,76231
0,72163
0,85414
0,81971
0,68112
0,66899
0,74648
0,82761

Tempo da paralelizacao:
100,36463
103,93694
106,89836
106,86392
107,41474
107,87428
108,71190
108,79265
109,04149
109,32991

Tempo total:
101,03155
104,69685
107,66636
107,59555
108,26888
108,69498
109,39501
109,46164
109,78798
110,17282

--------------------------------------------------------
##com schedule:
###2 threads:
Tempo da diagonal:
0,11225
0,12698
0,10397
0,09198
0,11098
0,06726
0,10799
0,11327
0,12497
0,09589

Tempo da paralelizacao:
98,61575
102,94707
106,38203
105,88801
106,45504
108,92764
108,50388
109,36051
109,48983
109,44977

Tempo total:
98,72900
103,07405
106,49601
105,97999
106,56602
108,99490
108,61187
109,47478
109,61480
109,54566
----------------------
###3 threads:
Tempo da diagonal:
0,09595
0,09196
0,07098
0,10638
0,08798
0,11196
0,10758
0,09702
0,09795
0,10196

Tempo da paralelizacao:
97,35150
99,64456
100,57516
100,42782
102,00756
103,24190
103,54681
105,36264
104,28654
104,63397

Tempo total:
97,44746
99,73653
100,64614
100,53420
102,09554
103,35386
103,65539
105,46967
104,38449
104,73594
----------------------
###4 threads:
Tempo da diagonal:
0,12126
0,08990
0,15604
0,15339
0,10878
0,19374
0,07427
0,11174
0,16447
0,13095

Tempo da paralelizacao:
93,12639
97,22288
99,08607
101,21471
102,25240
102,84016
103,25624
103,99205
104,58870
104,46024

Tempo total:
93,24765
97,31278
99,24211
101,38810
102,36118
103,03390
103,33051
104,11379
104,75317
104,59120