#Matrix 10000

##sem paralelização:
Tempo da diagonal:
0,22487
0,12322
0,21752
0,12831
0,18286
0,18527
0,18945
0,20089
0,15102
0,08933

Tempo abaixo da diagonal:
540,64296
540,82683
541,55963
540,82150
538,94185
539,25594
539,82543
539,32048
538,93974
540,10704

Tempo total:
540,86784
540,96205
541,77715
540,96083
539,12670
539,44122
540,01488
539,52137
539,09076
540,20737

-----------------------------------------------------------
##sem modificações:
###2 threads:
Tempo da diagonal:
0,24419
0,10896
0,13298
0,22236
0,17826
0,12748
0,12814
0,23426
0,23835
0,18686

Tempo da paralelizacao:
322,12531
326,28017
329,05134
325,46329
331,98936
331,98936
332,91848
332,75262
333,86144
333,39799

Tempo total:
322,37950
326,38914
329,18432
325,68565
1039,46551
332,11684
333,05661
332,99788
334,10178
333,58486
----------------------------------
###3 threads:
Tempo da diagonal:
0,21533
0,15594
0,20799
0,20713
0,12423
0,21230
0,22697
0,20480
0,24411
0,21882

Tempo da paralelizacao:
341,41596
347,25354
347,82802
345,30748
344,63412
344,18192
344,89722
345,88932
344,89454
347,86136

Tempo total:
341,63129
347,40948
348,03700
345,51460
344,75835
344,39421
345,12419
346,09511
345,13865
348,08018
----------------------------------
###4 threads:
Tempo da diagonal:
0,22384
0,19957
0,19090
0,21533
0,24208
0,18724
0,19284
0,16466
0,23766
0,14891

Tempo da paralelizacao:
289,92571
293,10513
294,94743
295,82870
295,28885
294,03492
294,41723
294,66045
294,56172
294,18403

Tempo total:
290,15955
293,31470
295,15136
296,04403
295,53092
294,22216
294,61008
294,83611
294,80037
294,34394
----------------------------------------------------------------
##com reduction:
###2 threads:
Tempo da diagonal:
0,87289
0,99952
0,83880
0,85940
0,82342
0,65000
0,90781
0,79192
0,91940
0,85187

Tempo da paralelizacao:
333,10893
339,47863
341,12584
340,53182
341,16268
341,04273
341,61509
345,91921
343,71309
343,17974

Tempo total:
333,98382
340,47915
341,96464
341,39266
341,98610
341,69274
342,52586
346,75112
344,63349
344,03161
----------------------------------
###3 threads:
Tempo da diagonal:
0,84573
0,95948
0,91330
1,05263
0,95195
0,84712
1,00659
0,89679
1,04560
0,97033

Tempo da paralelizacao:
360,69867
369,67242
362,74494
363,74988
364,08224
364,60977
364,84235
363,58429
364,69575
365,32711

Tempo total:
361,54440
370,63190
363,65824
364,82350
365,03519
365,46788
365,84993
364,48108
365,76135
366,29744
----------------------
###4 threads:
Tempo da diagonal:
1,26082
1,23638
1,18817
1,59888
1,56222
1,39830
1,57388
1,80074
1,58668
1,48419

Tempo da paralelizacao:
308,84212
316,37192
322,66294
320,51592
320,95897
320,80835
321,89736
322,90234
322,42066
322,74665

Tempo total:
310,10293
317,60830
323,85111
322,11581
322,52119
322,20765
323,47588
324,70408
324,00933
324,23184
--------------------------------------------------------
##com schedule:
###2 threads:
Tempo da diagonal:
0,18314
0,20383
0,15717
0,20237
0,19700
0,15980
0,17452
0,20684
0,25886
0,18994

Tempo da paralelizacao:
333,57680
337,82722
337,86743
336,53103
337,98759
342,34846
340,28182
342,84502
339,52293
344,28065

Tempo total:
333,75995
338,03105
338,02460
336,73340
338,18659
342,51826
340,45634
343,05186
339,78278
344,48158
----------------------
###3 threads:
Tempo da diagonal:
0,16796
0,17728
0,21495
0,09697
0,12495
0,17918
0,23699
0,23274
0,16614
0,21489

Tempo da paralelizacao:
289,89679
300,09123
302,82430
305,77921
312,77187
305,36671
306,44935
306,50568
310,00524
307,59611

Tempo total:
290,07475
300,26851
303,03925
305,87618
312,89681
305,54588
306,68634
306,73941
310,17138
307,81100
----------------------
###4 threads:
Tempo da diagonal:
0,23464
0,22153
0,27334
0,35510
0,27693
0,24496
0,29161
0,44759
0,34600
0,24959

Tempo da paralelizacao:
294,21038
296,35213
295,30194
296,66792
298,66004
303,13924
304,13417
302,87971
302,27452
301,90823

Tempo total:
294,44602
296,57566
295,57529
297,02302
298,93798
303,38420
304,42578
303,33730
302,62151
302,15782