#Matrix 5000

##sem paralelização:
Tempo da diagonal:
0,04199
0,03107
0,04399
0,04105
0,03798
0,10014
0,02998
0,05602
0,03903
0,05602

Tempo abaixo da diagonal:
67,80886
67,80977
67,84684
67,94974
68,22981
68,09174
68,46018
68,11105
68,27780
68,30760

Tempo total:
67,86084
67,84084
67,89083
67,99080
68,26779
68,19187
68,49015
68,16707
68,31683
68,36363

-----------------------------------------------------------
##sem modificações:
###2 threads:
Tempo da diagonal:
0,07397
0,04199
0,02299
0,04299
0,07000
0,02231
0,02299
0,05300
0,05299
0,05199

Tempo da paralelizacao:
36,70853
36,73123
37,97588
38,04920
40,61781
40,14573
40,15455
40,16541
40,05892
39,81273

Tempo total:
36,78250
36,77322
37,99887
38,09218
40,68780
40,16804
40,17754
40,22841
40,11190
39,86472
----------------------------------
###3 threads:
Tempo da diagonal:
0,01894
0,06392
0,02397
0,07798
0,03898
0,04693
0,06997
0,04296
0,04539
0,04527

Tempo da paralelizacao:
41,70123
41,30030
41,30027
41,28573
43,14098
42,38348
43,72705
44,25521
43,55368
44,75078

Tempo total:
41,72216
41,37423
41,33424
41,36372
43,17996
42,43041
43,79702
44,29917
43,60006
44,79605
----------------------------------
###4 threads:
Tempo da diagonal:
0,05399
0,01199
0,07242
0,06073
0,06303
0,08425
0,05346
0,04398
0,07534
0,05200

Tempo da paralelizacao:
32,64064
34,58815
35,75074
36,00552
36,36232
36,09104
36,12940
36,08795
36,08759
36,18786

Tempo total:
32,69463
34,60015
35,82316
36,06625
36,42535
36,17629
36,18286
36,13192
36,16293
36,23985
----------------------------------------------------------------
##com reduction:
###2 threads:
Tempo da diagonal:
0,20897
0,28976
0,32131
0,24748
0,22396
0,24530
0,24492
0,30266
0,26553
0,28072

Tempo da paralelizacao:
36,44367
35,86819
36,43813
38,74761
38,69800
39,70658
39,49664
39,48935
39,03860
39,79429

Tempo total:
36,65263
36,15795
36,75944
38,99509
38,92195
39,95188
39,74156
39,79201
39,30412
40,07501

----------------------------------
###3 threads:
Tempo da diagonal:
0,26906
0,25939
0,37988
0,34899
0,23285
0,33200
0,32277
0,34910
0,29480
0,34960

Tempo da paralelizacao:
41,96826
41,44798
41,57775
41,60094
41,65451
41,92241
41,65680
41,89212
42,02570
43,45556

Tempo total:
42,23733
41,70737
41,95763
41,94993
41,88737
42,26441
41,98054
42,24122
42,32050
43,80517

----------------------
###4 threads:
Tempo da diagonal:
0,35050
0,36021
0,35742
0,46411
0,37147
0,37895
0,36373
0,32957
0,43265
0,47554

Tempo da paralelizacao:
32,42359
32,39648
33,65606
35,14462
35,63479
35,97788
35,64950
36,95206
37,22670
35,83888

Tempo total:
32,77409
32,76768
34,01348
35,60972
36,00626
36,35683
36,01323
37,29263
37,65935
36,31442
--------------------------------------------------------
##com schedule:

###2 threads:
Tempo da diagonal:
0,03199
0,01200
0,11299
0,03399
0,03200
0,03299
0,03054
0,04399
0,04298
0,05299

Tempo da paralelizacao:
36,05711
37,21180
38,71224
39,69887
40,31803
39,54928
39,61969
39,96072
40,21173
40,16501

Tempo total:
36,08937
37,22380
38,82523
39,73286
40,35002
39,59228
39,65023
40,00470
40,25471
40,21800
----------------------
###3 threads:
Tempo da diagonal:
0,02199
0,06399
0,04399
0,03401
0,06399
0,06564
0,06295
0,06759
0,04099
0,05248

Tempo da paralelizacao:
33,45527
35,18602
36,40494
36,51015
36,96489
36,83689
36,73283
36,87635
36,97359
36,72211

Tempo total:
33,47727
35,25000
36,44893
36,55416
37,03888
36,90253
36,79578
36,94393
37,01459
36,77459
----------------------
###4 threads:
Tempo da diagonal:
0,03000
0,07969
0,04600
0,03236
0,05168
0,06500
0,04600
0,07995
0,03499
0,06299

Tempo da paralelizacao:
32,24666
32,18133
32,21168
32,22976
32,20929
32,55056
33,72131
34,20360
34,55064
35,38018

Tempo total:
32,27766
32,26102
32,25768
32,26211
32,26097
32,61656
33,76731
34,28356
34,58662
35,44318